2,min,3,2
2,3,1
1,4,2,>=,8
3,2,0,>=,6

0,max,3,3
1,-7,3
2,1,-1,<=,4
4,3,0,<=,2
-3,2,1,<=,3

2,max,2,3
2000,3000
1,1,>=,4
2,3,<=,10
400,200,>=,1200

0,max,3,3
1,-7,3
2,1,-1,<=,4
4,3,0,<=,2
-3,2,1,<=,3

------------------------------
2,max,3,4
2,1,3
3,1,2,<=,10
1,-2,3,>=,6
1,1,2,=,7
2,3,-1,<=,9

2,max,3,4
1,1,1
1,1,1>=100
0,0,1,<=,5
-1,1,1,=,0
2,-1,2,=,0

2,min,2,3
0.4,0.5
0.3, 0.1,<=, 2.7
0.5,0.5,=,6
0.6,0.4,>=,6

2,min,2,3
4,1
3,1,=,3
4,3,>=,6
1,1,<=,4

2,max,3,3
2,3,4
3,2,1,<=,10
2,3,3,<=,15
1,1,-1,>=,4

2,max,2,1
2,-3
-1,1,>=,10

2,max,2,3
2000,3000
1,1,>=,4
2,3,<=,10
400,200,>=,1200
----------------------------------
2,max,3,3
2,3,4
3,2,1,<=,10
2,3,3,<=,15
1,1,-1,>=,4

2,min,2,3
4,1
3,1,=,3
4,3,>=,6
1,1,<=,4

2,min,2,3
0.4,0.5
0.3, 0.1,<=, 2.7
0.5,0.5,=,6
0.6,0.4,>=,6

Metodo

2,min,3,2
2,3,1
1,4,2,>=,8
3,2,0,>=,6

2,min,2,3
4,1
3,1,=,3
4,3,>=,6
1,1,<=,4

1,max,2,2
3,9
1,4,<=,8
1,2,<=,4

2,min,2,2
4,1
3,1,=,3
4,3,>=,6
1,1,<=,4

2,min,3,2
2,3,1
1,4,2,>=,8
3,2,0,>=,6

1,min,3,2
2,3,1
1,4,2,8,>=
3,2,0,6,>=

1,max,2,2
-3,-9
1,4,<=,8
1,2,<=,4

1,min,2,3
0.4,0.5
0.3,0.1,<=2.7
0.5,0.5,=6
0.6,0.4,6,>=

2,min,2,3
4,1
3,1,=,3
4,3,>=,6
1,1,<=,4

1,min,3,2
2,3,1
1,4,2,>=,8
3,2,0,>=,6

2,min,2,3
4,1
3,1,=,3
4,3,>=,6
1,1,<=,4

2,min,2,3
0.4,0.5
0.3, 0.1,<=, 2.7
0.5,0.5,=,6
0.6,0.4,>=,6

2,min,2,3
4,1
3,1,=,3
4,3,>=,6
1,1,<=,4

0,max,3,3
-1,7,-3
2,1,-1,<=,4
4,-3,0,<=,2
-3,2,1,<=,3

0,max,2,2
-3,-9
1,4,<=,8
1,2,<=,4

0,max,3,3
-1,7,-3
2,1,-1,<=,4
4,-3,0,<=,2
-3,2,1,<=,3


0,max,2,3
-3,-5
1,0,<=,4
0,2,<=,12
3,2,<=,18

2,min,2,3
4,1
3,1,=,3
4,3,>=,6
1,1,<=,4